0
(0.8546875, 0.546875)
(0.3453125, 0.6916667)
1
(0.3390625, 0.4864583)
(0.2791667, 0.521875)
(0.3932292, 0.51875)
2
(0.7385417, 0.5239583)
3
(0.7203125, 0.4927083)
(0.771875, 0.4979167)
5
8
(0.28, 0.46)
>9(0.34, 0.48)
>10(0.31, 0.47)
>11(0.396875, 0.43)
>12(0.3994792, 0.34)
9
(0.7, 0.38)
(0.69, 0.51)
(0.67, 0.39)
(0.67, 0.48)
(0.64, 0.42)
(0.64, 0.49)
(0.62, 0.47)
10
(0.3458333, 0.5916666)
11
(0.01927083, 0.290625)
(0.7359375, 0.48125)
(0.0921875, 0.22)
12
(0.4114583, 0.5052083)
(0.6572917, 0.5635417)
(0.7083333, 0.5427083)
13
(0.8989583, 0.5208333)
(0.453125, 0.5145833)
(0.5713542, 0.50625)
14
(0.2416667, 0.534375)
(0.2661458, 0.515625)
15
(0.8807291, 0.5135416)
(0.2109375, 0.4864583)
(0.4067708, 0.4885417)
16
(0.02239583, 0.5125)
(0.0015625, 0.4885417)
(0.7828125, 0.4927083)
(0.7942708, 0.4427083)
17
(0.1213542, 0.4958333)
(0.15, 0.496875)
(0.09010417, 0.4770833)
(0.796875, 0.496875)
18
(0.50, 0.38)
(0.51, 0.44)
(0.43, 0.44)
(0.45, 0.39)
19
21
(0.7546875, 0.465625)
(0.6098958, 0.4895833)
(0.2453125, 0.4583333)
(0.778125, 0.484375)
(0.5046875, 0.4833333)
(0.5479167, 0.509375)
22
(0.4484375, 0.5083333)
23
(0.271875, 0.43)
(0.2723958, 0.48)
24
(0.0390625, 0.465625)
25
(0.7520834, 0.5083333)
(0.95, 0.5041667)
(0.9140625, 0.5)
26
(0.2510417, 0.45625)
(0.1890625, 0.5135416)
(0.1125, 0.55)
27
(0.8246151, 0.5)
(0.3423298, 0.5)
28
(0.9614583, 0.5270833)
(0.4, 0.5333334)
(0.5276042, 0.5052083)
29
(0.8661458, 0.4979167)
(0.7234375, 0.5135416)
(0.7916667, 0.4864583)
30
(0.7520834, 0.5125)
(0.0578125, 0.5020834)
(0.7869791, 0.50625)
31
(0.8375, 0.5197917)
(0.3541667, 0.5197917)
32
(0.8447917, 0.5479167)
(0.1822917, 0.5489584)